94714091215
94714092253
94714092712
94714093676
94714107024
94714115994
94714117981
94714119595
94714123101
94714134092
94714149645
94714160736
94714165706
94714166985
94714167095
94714172020
94714178233
94714179673
94714186207
94714202867
94714204268
94714206619
94714207674
94714212858
94714215752
94714217513
94714219898
94714227306
94714228092
94714234134
94714240520
94714240556
94714242023
94714254328
94714256240
94714261629
94714266285
94714268236
94714268815
94714271491
94714273492
94714273540
94714273611
94714279711
94714283766
94714285522
94714286659
94714287923
94714288237
94714288851
94714288874
94714289359
94714290080
94714290648
94714296716
94714298003
94714298688
94714300934
94714301436
94714301514
94714310933
94714311790
94714316791
94714317152
94714319084
94714320744
94714337557
94714339247
94714341860
94714342620
94714344232
94714350792
94714351563
94714351958
94714356944
94714358721
94714361556
94714362342
94714373795
94714377996
94714385902
94714387130
94714397765
94714398368
94714398918
94714399663
94714400438
94714401606
94714403771
94714407398
94714407399
94714410054
94714411124
94714412190
94714413342
94714414110
94714417548
94714420336
94714420755
94714422053
94714422400
94714422513
94714424374
94714424757
94714424768
94714424825
94714425532
94714426268
94714426671
94714427109
94714433982
94714434875
94714441297
94714445136
94714445847
94714446252
94714447032
94714447954
94714448079
94714449814
94714450670
94714451047
94714451062
94714451621
94714451909
94714452088
94714452176
94714452620
94714458471
94714460815
94714464524
94714464561
94714465815
94714466757
94714468228
94714473307
94714477278
94714479601
94714479850
94714487408
94714491057
94714491708
94714500295
94714501510
94714501821
94714517823
94714517942
94714521488
94714523654
94714523827
94714524150
94714526780
94714539787
94714542729
94714545570
94714554326
94714556588
94714565630
94714572372
94714572373
94714573127
94714573599
94714573883
94714588313
94714588468
94714596661
94714597291
94714607991
94714609740
94714612558
94714627895
94714628853
94714635729
94714639521
94714655297
94714668286
94714670508
94714671572
94714682308
94714692017
94714695550
94714699834
94714701640
94714712191
94714712680
94714715222
94714717047
94714717452
94714720072
94714721713
94714722842
94714722910
94714724754
94714746415
94714750465
94714756079
94714758730
94714761230
94714762195
94714764866
94714769520
94714774784
94714785331
94714787254
94714788077
94714789705
94714793385
94714797405
94714801460
94714803134
94714803173
94714803176
94714804164
94714805092
94714808822
94714812761
94714826182
94714829500
94714833157
94714843381
94714852265
94714852985
94714855911
94714857342
94714860158
94714860258
94714861076
94714862537
94714865045
94714868000
94714872681
94714875055
94714876331
94714885528
94714899843
94714914202
94714914456
94714917240
94714922998
94714925418
94714931820
94714937182
94714941469
94714941550
94714942230
94714943911
94714944411
94714945791
94714949166
94714952712
94714964227
94714969114
94714980835
94714986524
94714988093
94715106658
94715107114
94715107239
94715107288
94715113112
94715141522
94715143521
94715144460
94715145581
94715153213
94715153587
94715163265
94715167443
94715170317
94715172520
94715176628
94715179418
94715182225
94715186658
94715186906
94715186948
94715188466
94715190874
94715197677
94715200054
94715203433
94715203445
94715209589
94715216602
94715216781
94715219337
94715240384
94715249171
94715252574
94715261885
94715264192
94715266361
94715270066
94715277875
94715278174
94715278481
94715278715
94715281888
94715283433
94715290001
94715301525
94715302737
94715311952
94715318442
94715318725
94715322494
94715327229
94715327601
94715332087
94715332485
94715332502
94715339551
94715340220
94715341831
94715343241
94715345004
94715353271
94715354790
94715359824
94715363522
94715371451
94715372681
94715381229
94715382139
94715388569
94715399963
94715405238
94715407122
94715419790
94715420332
94715421433
94715424518
94715429170
94715430745
94715431186
94715432414
94715435668
94715436981
94715443429
94715446711
94715457690
94715460200
94715489727
94715490031
94715501053
94715503652
94715504516
94715508898
94715515696
94715521205
94715528026
94715533067
94715538817
94715539672
94715546509
94715548626
94715548821
94715552321
94715554390
94715561099
94715561729
94715569821
94715581940
94715597693
94715608385
94715611921
94715620718
94715623843
94715629607
94715633249
94715648424
94715651136
94715657631
94715658610
94715682132
94715682418
94715682993
94715686066
94715691768
94715693882
94715696626
94715698183
94715699140
94715707083
94715709920
94715711396
94715721799
94715727772
94715731301
94715731941
94715735377
94715736073
94715737595
94715740377
94715742401
94715743545
94715746530
94715747702
94715754879
94715755410
94715756006
94715768480
94715770823
94715771646
94715773734
94715780588
94715786746
94715789762
94715795956
94715806429
94715812848
94715817735
94715819695
94715828358
94715847064
94715852043
94715861113
94715869874
94715875197
94715875521
94715876389
94715886503
94715889581
94715902598
94715918258
94715923834
94715924646
94715927868
94715928317
94715930406
94715932672
94715934202
94715951287
94715953358
94715953831
94715968158
94715968442
94715968862
94715974679
94715978861
94715979002
94715987728
94715995973
94715999963
94716002306
94716003064
94716012698
94716015197
94716016387
94716017605
94716023746
94716031830
94716044436
94716049630
94716057964
94716058126
94716060211
94716062165
94716067694
94716068194
94716068869
94716069323
94716076819
94716082269
94716085514
94716085679
94716093834
94716094196
94716101082
94716101417
94716104120
94716108125
94716111504
94716114471
94716118731
94716122296
94716122462
94716132492
94716134481
94716135436
94716138750
94716141211
94716142214
94716144586
94716157340
94716157828
94716160795
94716162537
94716195843
94716198010
94716213895
94716222318
94716226326
94716227979
94716234316
94716236348
94716238123
94716246332
94716251802
94716264085
94716267710
94716275088
94716275675
94716276078
94716281552
94716283722
94716284336
94716285017
94716290749
94716295593
94716300635
94716303987
94716307368
94716311482
94716312040
94716313573
94716319417
94716319586
94716321189
94716321735
94716323379
94716324533
94716328291
94716330343
94716331177
94716344743
94716347710
94716360108
94716361376
94716361669
94716365764
94716375764
94716380609
94716380969
94716381154
94716383465
94716393293
94716403105
94716405490
94716405745
94716405978
94716409952
94716412376
94716413155
94716415784
94716417381
94716419805
94716424465
94716425829
94716426928
94716450626
94716450968
94716454467
94716454474
94716460144
94716462632
94716463491
94716467865
94716472562
94716473354
94716477401
94716477621
94716480077
94716480353
94716482924
94716483178
94716483998
94716485125
94716485278
94716495574
94716512468
94716519004
94716533627
94716569234
94716569696
94716584142
94716604211
94716604673
94716622849
94716625065
94716625552
94716630005
94716637833
94716650630
94716652292
94716669843
94716675861
94716684770
94716712516
94716712940
94716716517
94716731973
94716732133
94716732963
94716754056
94716774909
94716790690
94716802113
94716802930
94716806331
94716818358
94716818815
94716819387
94716827413
94716832497
94716835005
94716837793
94716844015
94716846884
94716852761
94716856063
94716856290
94716859736
94716862374
94716865344
94716872380
94716872703
94716874463
94716874738
94716876706
94716880298
94716880302
94716891683
94716896607
94716897705
94716898897
94716901308
94716902060
94716902889
94716905943
94716917819
94716929124
94716930135
94716931220
94716939076
94716939854
94716943664
94716947752
94716948852
94716952830
94716954312
94716955117
94716962127
94716968766
94716971490
94716972119
94716972872
94716978243
94716985878
94716994667
94717007980
94717011447
94717016918
94717019297
94717019362
94717027161
94717034042
94717035975
94717037431
94717047700
94717063728
94717065175
94717065584
94717067365
94717068177
94717070150
94717091374
94717092430
94717095121
94717095515
94717100921
94717104485
94717105653
94717108789
94717114297
94717120476
94717120936
94717121070
94717121399
94717136972
94717140160
94717142422
94717155803
94717165691
94717180940
94717183888
94717188575
94717188615
94717205256
94717211280
94717214473
94717219913
94717223150
94717228029
94717249327
94717250785
94717264345
94717280527
94717285407
94717297789
94717302225
94717303492
94717306281
94717312342
94717315162
94717323729
94717328028
94717328800
94717339087
94717339132
94717341812
94717343196
94717344262
94717347389
94717349950
94717351309
94717354454
94717372208
94717372806
94717374419
94717381564
94717382511
94717383110
94717386722
94717401181
94717410354
94717434822
94717448434
94717456743
94717457712
94717459400
94717459754
94717468393
94717470002
94717473900
94717477191
94717483214
94717484566
94717488300
94717498788
94717506859
94717515951
94717518354
94717525019
94717527128
94717535712
94717536267
94717542225
94717550438
94717553411
94717553518
94717558262
94717568152
94717573718
94717575403
94717583209
94717586302
94717588167
94717602062
94717607199
94717609093
94717610483
94717611187
94717611745
94717611811
94717614661
94717618159
94717633311
94717633458
94717633974
94717641656
94717644475
94717653192
94717660598
94717671617
94717678547
94717679901
94717686671
94717691631
94717699341
94717700982
94717702640
94717709567
94717712332
94717712958
94717714142
94717715116
94717715239
94717716852
94717726136
94717736733
94717736929
94717746698
94717750738
94717755241
94717775854
94717778830
94717780688
94717788733
94717791700
94717797570
94717803791
94717811251
94717821570
94717846129
94717852628
94717856332
94717866907
94717868527
94717871222
94717872472
94717877502
94717879129
94717880617
94717888359
94717889134
94717891405
94717895288
94717913821
94717925264
94717941275
94717941288
94717941375
94717942919
94717944245
94717950504
94717952685
94717959698
94717975000
94717976893
94717976979
94717996515
94717998133
94718000855
94718006150
94718008047
94718008098
94718008107
94718008238
94718012596
94718012609
94718012674
94718012741
94718021311
94718024688
94718025155
94718028791
94718030039
94718030960
94718031803
94718034052
94718036688
94718040189
94718040347
94718040603
94718041663
94718042833
94718043109
94718043793
94718046295
94718046441
94718047379
94718050472
94718054255
94718059561
94718066312
94718066445
94718067834
94718069862
94718070291
94718071379
94718073643
94718077094
94718080991
94718087854
94718088630
94718096628
94718099378
94718102589
94718103276
94718105584
94718107233
94718108770
94718116517
94718120170
94718121177
94718123195
94718123827
94718125792
94718126080
94718130360
94718130409
94718131040
94718131063
94718137291
94718138090
94718138205
94718142683
94718147812
94718152737
94718164764
94718168033
94718171003
94718174513
94718175249
94718178290
94718178291
94718178957
94718188968
94718191730
94718193423
94718197911
94718201410
94718205718
94718205997
94718206024
94718206032
94718206917
94718213607
94718227720
94718230120
94718239917
94718245761
94718246275
94718249167
94718249348
94718255818
94718259488
94718266401
94718273193
94718273596
94718280002
94718284927
94718285272
94718287388
94718290464
94718314353
94718318268
94718334722
94718337506
94718337664
94718339801
94718347212
94718347791
94718350469
94718355076
94718367008
94718367334
94718370127
94718371760
94718376043
94718379703
94718381528
94718383015
94718385375
94718386763
94718390408
94718390804
94718392078
94718398731
94718399473
94718416458
94718426605
94718426684
94718426733
94718427897
94718434071
94718437388
94718442730
94718445611
94718447900
94718448476
94718448520
94718462319
94718464694
94718475684
94718478657
94718480095
94718483250
94718502917
94718503403
94718504328
94718514457
94718520463
94718523418
94718528069
94718531825
94718533192
94718537397
94718539578
94718540388
94718549921
94718554189
94718554225
94718554537
94718555395
94718563323
94718575903
94718576165
94718576509
94718579637
94718583850
94718592469
94718600055
94718605997
94718606697
94718607223
94718609224
94718609464
94718613930
94718617514
94718618146
94718627305
94718647497
94718654998
94718656054
94718659416
94718663633
94718671112
94718673520
94718685707
94718688146
94718695261
94718695845
94718698615
94718701457
94718702673
94718710455
94718711008
94718712351
94718712425
94718716527
94718730844
94718731152
94718736132
94718739850
94718739926
94718740963
94718762289
94718762378
94718763177
94718764973
94718777572
94718787471
94718788816
94718807364
94718812143
94718822814
94718824547
94718828266
94718830478
94718831036
94718833844
94718845057
94718848138
94718853667
94718860193
94718870850
94718870851
94718877012
94718881028
94718881471
94718881730
94718882576
94718896208
94718897403
94718905494
94718907367
94718910037
94718915694
94718920050
94718926669
94718928653
94718933821
94718941276
94718941644
94718943210
94718944667
94718954745
94718955343
94718956637
94718972376
94718974130
94718976291
94718977875
94718984695
94718988372
94719005269
94719006722
94719014142
94719021352
94719025952
94719028237
94719045371
94719049936
94719054601
94719061372
94719085040
94719086089
94719094874
94719098909
94719105985
94719106151
94719111455
94719120256
94719121053
94719121608
94719128306
94719130951
94719138328
94719139021
94719139981
94719144861
94719148372
94719160705
94719176835
94719182020
94719190242
94719195259
94719196486
94719198819
94719218384
94719226789
94719230540
94719231351
94719259753
94719268077
94719272112
94719276456
94719294754
94719296820
94719307774
94719318364
94719321218
94719325839
94719335957
94719336207
94719340022
94719342602
94719343646
94719344031
94719356077
94719356610
94719371895
94719396814
94719401574
94719407612
94719412413
94719429440
94719438489
94719440106
94719441044
94719443884
94719465796
94719487605
94719488577
94719490462
94719506206
94719522215
94719525388
94719530477
94719534881
94719536380
94719546128
94719550552
94719551061
94719562869
94719585198
94719586803
94719598282
94719599024
94719608590
94719620458
94719621338
94719624166
94719628610
94719628908
94719630245
94719632378
94719637371
94719648962
94719656095
94719673438
94719674826
94719677989
94719693850
94719697681
94719700749
94719710530
94719720301
94719721805
94719726978
94719727778
94719728003
94719740519
94719741312
94719742070
94719745526
94719748280
94719748756
94719748859
94719749874
94719761624
94719763147
94719775650
94719777148
94719779510
94719789955
94719802927
94719814106
94719828105
94719838391
94719848150
94719863605
94719866332
94719869656
94719877156
94719886050
94719886552
94719890021
94719898819
94719898889
94719899229
94719912252
94719933012
94719952766
94719958527
94719961404
94719962121
94719965937
94719978525
94720134979
94720146447
94720151652
94720180222
94720205378
94720230911
94720248136
94720298406
94720299420
94720304417
94720310553
94720391264
94720395378
94720426485
94720443562
94720485374
94720492118
94720501620
94720521051
94720555395
94720556241
94720591365
94720612116
94720627776
94720692105
94720703403
94720822882
94720859072
94720875445
94720902280
94720954422
94721013143
94721056043
94721063466
94721064928
94721068185
94721070094
94721110159
94721119799
94721207976
94721227274
94721284774
94721334768
94721337861
94721369390
94721378681
94721401488
94721412121
94721419920
94721423444
94721425867
94721489840
94721498402
94721500498
94721514497
94721528028
94721548748
94721551140
94721554005
94721555451
94721555452
94721556081
94721556283
94721569536
94721575795
94721596088
94721596445
94721607374
94721633839
94721682681
94721701877
